354 23 4.5
236 213 3.5
168 118 3.5
146 219 1.5
855 328 4.5
115 197 3.5
267 10 3.5
432 402 4.5
99 157 2.5
374 37 1.5
407 49 4.5
92 210 4.5
388 161 4.5
21 182 4.5
165 267 0.5
339 112 3.5
493 65 4.5
628 289 0.5
382 264 3.5
52 290 4.5
29 235 0.5
53 45 4.5
419 91 3.5
649 316 2.5
93 125 4.5
513 196 3.5
412 55 2.5
314 396 1.5
502 4 2.5
58 113 3.5
322 55 2.5
359 195 2.5
491 35 4.5
342 376 4.5
361 580 2.5
624 249 4.5
285 132 3.5
127 182 4.5
58 278 1.5
16 309 1.5
20 325 3.5
649 131 4.5
12 387 1.5
29 320 4.5
165 181 3.5
69 283 4.5
829 300 4.5
58 309 3.5
54 316 2.5
589 189 4.5
396 153 3.5
670 235 2.5
363 84 3.5
261 89 2.5
454 303 3.5
58 9 2.5
331 230 3.5
306 42 4.5
29 249 3.5
207 347 4.5
306 307 3.5
520 158 4.5
860 149 2.5
363 6 4.5
126 158 3.5
762 257 3.5
141 279 3.5
483 83 4.5
426 213 4.5
176 406 2.5
363 319 4.5
714 213 4.5
254 97 4.5
1034 82 3.5
396 60 4.5
39 189 4.5
277 65 4.5
398 406 2.5
342 38 4.5
215 83 4.5
234 31 2.5
496 272 3.5
1247 158 4.5
211 210 3.5
76 10 4.5
167 328 4.5
42 38 3.5
573 289 4.5
882 453 4.5
908 421 2.5
681 260 3.5
503 458 0.5
77 158 4.5
91 182 4.5
783 38 4.5
113 286 2.5
339 272 4.5
855 96 3.5
668 433 3.5
745 82 3.5
61 77 2.5
75 207 4.5
588 2 4.5
30 129 2.5
813 378 3.5
77 70 3.5
75 329 3.5
339 149 3.5
673 401 2.5
254 135 2.5
384 219 3.5
384 21 2.5
3 82 3.5
58 65 2.5
157 341 4.5
419 125 3.5
499 44 3.5
744 501 4.5
132 504 4.5
268 81 1.5
241 97 1.5
40 152 4.5
432 23 4.5
212 217 2.5
227 189 4.5
1419 23 4.5
371 164 4.5
49 267 3.5
58 449 1.5
115 35 3.5
599 158 3.5
43 319 2.5
681 249 2.5
91 189 4.5
13 187 1.5
835 45 3.5
27 470 2.5
17 103 3.5
473 313 1.5
621 279 4.5
287 341 2.5
216 319 3.5
287 297 3.5
224 156 0.5
74 19 0.5
42 97 2.5
38 61 3.5
458 96 4.5
5 277 4.5
157 47 2.5
864 73 4.5
16 73 4.5
11 163 4.5
215 198 4.5
651 204 3.5
267 163 4.5
1003 257 4.5
58 156 3.5
1153 95 4.5
426 161 4.5
140 219 3.5
632 108 4.5
158 82 4.5
307 437 4.5
647 362 3.5
359 105 2.5
211 260 3.5
361 284 1.5
384 31 3.5
325 304 0.5
307 10 3.5
388 265 3.5
546 139 4.5
324 49 4.5
240 137 3.5
503 297 2.5
98 163 4.5
128 7 4.5
387 58 4.5
641 572 4.5
880 357 4.5
651 74 3.5
510 77 3.5
367 107 4.5
314 164 3.5
908 20 2.5
869 347 4.5
917 157 4.5
241 54 2.5
307 277 2.5
228 103 4.5
1060 416 4.5
125 49 4.5
132 278 2.5
35 369 3.5
230 107 4.5
627 290 3.5
398 49 3.5
13 406 1.5
543 142 4.5
11 99 1.5
136 131 4.5
761 138 1.5
1419 10 3.5
236 173 4.5
458 65 4.5
681 366 3.5
29 58 4.5
1153 154 4.5
100 425 4.5
835 34 3.5
746 304 4.5
115 53 4.5
92 391 4.5
254 309 4.5
359 383 2.5
359 139 4.5
136 154 4.5
520 309 3.5
311 235 4.5
535 163 4.5
175 295 1.5
28 37 4.5
132 296 2.5
661 223 3.5
36 54 3.5
426 63 4.5
92 55 2.5
430 95 3.5
44 115 3.5
325 38 4.5
192 105 1.5
799 161 3.5
206 441 3.5
313 452 2.5
463 309 4.5
104 214 3.5
126 40 4.5
214 181 1.5
96 424 3.5
720 463 0.5
367 134 2.5
69 25 3.5
720 40 1.5
10 252 4.5
244 286 3.5
374 437 4.5
61 9 3.5
42 101 3.5
207 11 4.5
99 396 3.5
649 265 3.5
17 573 2.5
360 290 4.5
835 49 3.5
775 182 4.5
649 321 4.5
331 45 3.5
744 304 4.5
496 157 4.5
339 71 4.5
458 568 1.5
218 76 2.5
255 77 2.5
306 49 4.5
99 117 4.5
275 105 2.5
34 230 2.5
68 334 4.5
261 568 0.5
300 186 3.5
95 52 4.5
412 387 1.5
342 147 1.5
1013 243 4.5
114 325 3.5
75 254 2.5
381 206 4.5
436 323 2.5
432 38 3.5
285 19 3.5
739 336 1.5
157 6 4.5
86 331 3.5
17 391 3.5
103 210 4.5
322 351 3.5
103 386 1.5
464 70 4.5
301 232 0.5
194 153 3.5
497 12 2.5
277 23 3.5
100 410 4.5
41 568 3.5
388 551 3.5
241 15 4.5
262 314 4.5
384 239 4.5
61 259 2.5
116 49 4.5
167 36 2.5
43 74 2.5
300 63 3.5
11 183 2.5
878 160 4.5
153 307 2.5
42 321 4.5
813 96 3.5
354 134 4.5
783 207 3.5
29 70 4.5
253 544 4.5
218 103 2.5
412 419 0.5
289 52 3.5
363 149 3.5
112 60 3.5
357 314 3.5
27 313 3.5
95 81 4.5
95 21 3.5
29 81 0.5
299 425 1.5
720 181 1.5
517 238 3.5
670 221 3.5
746 261 4.5
13 421 0.5
396 353 1.5
1057 105 2.5
466 252 4.5
80 120 4.5
96 311 3.5
314 93 3.5
97 49 4.5
41 104 3.5
458 55 4.5
59 341 3.5
882 419 2.5
891 15 2.5
319 162 4.5
30 65 4.5
367 307 3.5
589 55 3.5
237 525 3.5
77 170 4.5
447 163 4.5
100 246 3.5
54 320 4.5
29 3 1.5
18 10 2.5
546 52 4.5
745 152 4.5
1419 297 3.5
95 134 1.5
153 204 4.5
240 419 3.5
1057 176 2.5
780 148 2.5
630 348 3.5
178 123 1.5
100 12 3.5
422 353 3.5
419 458 4.5
381 229 2.5
180 159 4.5
835 289 3.5
86 202 3.5
307 21 2.5
306 357 2.5
107 441 2.5
142 143 3.5
651 52 4.5
473 162 0.5
74 444 3.5
371 239 4.5
387 53 2.5
192 65 2.5
437 61 4.5
22 84 4.5
30 307 1.5
595 457 3.5
258 79 2.5
142 87 3.5
235 254 3.5
285 326 4.5
75 52 3.5
204 31 4.5
855 278 0.5
762 297 4.5
13 140 2.5
241 11 3.5
68 142 4.5
764 207 4.5
261 132 4.5
53 44 4.5
363 333 2.5
253 196 4.5
383 23 2.5
255 48 3.5
555 176 4.5
339 49 4.5
595 49 4.5
703 58 4.5
454 307 2.5
192 79 4.5
292 15 1.5
458 295 4.5
217 181 2.5
211 239 3.5
136 189 4.5
295 301 4.5
668 104 1.5
624 38 4.5
74 98 2.5
330 401 4.5
630 198 1.5
101 386 0.5
127 65 3.5
783 103 4.5
371 444 4.5
502 61 4.5
69 29 2.5
192 419 0.5
234 25 3.5
510 45 3.5
36 121 3.5
258 181 4.5
20 278 3.5
165 111 4.5
118 257 4.5
601 82 0.5
53 79 3.5
687 138 4.5
254 354 4.5
687 183 3.5
395 9 2.5
330 279 3.5
157 124 4.5
630 192 4.5
211 217 3.5
292 60 4.5
300 73 4.5
217 52 4.5
357 40 4.5
860 304 3.5
167 21 2.5
275 437 1.5
1003 20 4.5
463 457 4.5
193 91 4.5
648 44 4.5
231 176 3.5
20 2 3.5
13 163 4.5
29 261 4.5
205 481 4.5
300 389 2.5
344 253 3.5
855 160 4.5
124 95 4.5
228 206 2.5
396 167 3.5
668 191 4.5
76 374 4.5
28 181 4.5
90 312 1.5
40 138 3.5
566 215 3.5
603 161 3.5
483 230 3.5
464 189 4.5
234 11 3.5
783 105 2.5
569 163 4.5
357 309 1.5
344 86 3.5
157 311 2.5
432 378 3.5
127 284 1.5
1003 53 4.5
687 271 2.5
42 364 3.5
325 11 3.5
157 235 0.5
511 120 4.5
391 249 3.5
357 204 3.5
439 212 3.5
306 163 3.5
75 181 4.5
1028 30 2.5
391 46 4.5
780 254 4.5
497 458 3.5
10 249 3.5
391 63 4.5
112 210 4.5
115 21 3.5
41 79 3.5
546 313 3.5
90 421 0.5
118 201 2.5
158 34 3.5
432 48 3.5
77 20 3.5
520 310 3.5
29 501 4.5
891 341 4.5
124 295 4.5
12 378 4.5
17 142 3.5
42 123 3.5
99 54 2.5
141 252 3.5
506 48 4.5
764 83 3.5
100 458 3.5
20 147 3.5
125 401 3.5
254 223 4.5
267 102 3.5
125 9 4.5
114 195 2.5
125 104 4.5
193 125 3.5
799 351 3.5
406 21 2.5
422 37 4.5
178 160 3.5
413 433 2.5
206 401 2.5
270 272 4.5
621 34 3.5
513 139 4.5
601 284 1.5
105 367 4.5
132 96 3.5
75 7 4.5
381 74 4.5
104 187 3.5
520 246 3.5
77 42 3.5
454 306 3.5
220 62 4.5
205 152 3.5
746 378 2.5
313 140 3.5
356 20 3.5
101 215 2.5
1057 43 4.5
383 159 2.5
555 161 1.5
267 278 3.5
107 691 3.5
79 163 4.5
261 197 2.5
192 249 2.5
648 272 2.5
194 340 3.5
758 317 4.5
1028 154 2.5
112 61 3.5
374 249 3.5
555 4 2.5
367 38 4.5
342 196 4.5
200 482 3.5
835 141 4.5
509 219 4.5
718 107 3.5
200 30 1.5
589 105 1.5
69 181 4.5
454 453 3.5
194 354 2.5
306 310 0.5
207 170 4.5
282 196 3.5
451 106 2.5
517 334 3.5
464 442 1.5
762 192 4.5
535 307 2.5
407 37 4.5
92 302 2.5
443 77 2.5
503 111 3.5
1057 323 3.5
165 113 3.5
10 307 3.5
190 61 3.5
917 290 4.5
510 117 1.5
344 186 3.5
252 565 1.5
419 152 4.5
237 362 2.5
588 105 4.5
436 317 3.5
105 74 3.5
357 62 3.5
573 217 2.5
855 167 3.5
267 109 3.5
992 213 3.5
269 87 1.5
193 121 4.5
622 113 3.5
189 112 2.5
900 272 4.5
715 232 4.5
668 465 4.5
262 52 4.5
144 367 4.5
473 7 4.5
641 96 4.5
510 351 3.5
363 34 2.5
467 298 3.5
206 83 2.5
339 328 3.5
783 84 1.5
744 365 3.5
570 91 3.5
398 320 3.5
520 160 4.5
483 309 2.5
603 198 1.5
54 196 3.5
463 154 4.5
395 351 1.5
319 23 4.5
142 525 3.5
628 257 3.5
543 161 3.5
214 310 4.5
363 228 4.5
29 35 4.5
91 136 4.5
395 173 2.5
1419 65 3.5
236 3 2.5
511 42 4.5
407 97 3.5
96 140 1.5
29 97 4.5
275 156 4.5
203 239 4.5
499 432 1.5
104 137 3.5
466 61 4.5
47 52 4.5
443 186 1.5
126 58 4.5
764 453 4.5
535 52 4.5
398 76 4.5
311 226 4.5
241 267 4.5
178 34 3.5
292 141 2.5
167 129 2.5
589 348 3.5
424 102 3.5
211 87 3.5
339 289 2.5
16 326 2.5
143 241 1.5
255 348 4.5
52 99 2.5
325 4 4.5
882 73 4.5
342 170 3.5
835 257 4.5
241 333 4.5
589 34 3.5
105 213 4.5
363 210 4.5
86 214 4.5
595 132 4.5
115 34 4.5
234 259 0.5
424 306 4.5
200 386 1.5
437 137 4.5
275 2 2.5
261 163 4.5
38 235 3.5
114 21 2.5
142 45 3.5
47 163 4.5
306 314 3.5
194 367 2.5
621 544 3.5
419 93 3.5
374 158 2.5
880 53 4.5
44 112 2.5
120 173 3.5
330 134 4.5
758 45 4.5
157 40 4.5
142 266 4.5
466 34 4.5
29 195 0.5
205 457 4.5
68 463 3.5
344 311 2.5
125 259 3.5
436 196 2.5
20 125 2.5
804 11 4.5
535 44 3.5
463 565 4.5
458 130 3.5
86 105 4.5
651 152 4.5
661 97 4.5
627 202 2.5
158 80 4.5
917 310 1.5
95 34 3.5
76 432 3.5
891 54 4.5
253 31 4.5
16 383 2.5
11 325 2.5
269 207 4.5
289 279 3.5
17 334 0.5
91 396 3.5
556 66 4.5
281 277 3.5
458 207 3.5
105 475 3.5
510 321 3.5
311 157 1.5
42 53 3.5
342 61 4.5
546 11 4.5
437 406 4.5
482 49 3.5
192 354 4.5
917 387 3.5
167 38 3.5
65 35 3.5
761 302 3.5
381 53 4.5
416 183 1.5
292 457 3.5
1153 102 2.5
630 289 3.5
142 312 3.5
322 10 4.5
325 378 1.5
192 81 3.5
422 66 4.5
41 23 4.5
635 204 4.5
396 45 3.5
569 252 3.5
116 82 1.5
391 82 4.5
29 226 3.5
42 82 4.5
739 47 2.5
443 163 4.5
463 44 3.5
69 229 4.5
603 273 2.5
371 103 3.5
359 43 3.5
513 302 3.5
240 213 3.5
59 215 4.5
354 386 4.5
661 121 3.5
118 1 0.5
75 31 3.5
398 303 4.5
503 158 3.5
53 137 4.5
125 316 4.5
301 306 3.5
106 48 4.5
603 113 4.5
28 347 2.5
132 196 4.5
267 264 2.5
668 354 3.5
458 286 3.5
1028 164 4.5
279 367 4.5
387 504 3.5
65 320 4.5
339 387 1.5
367 252 4.5
120 437 2.5
511 375 3.5
206 341 3.5
339 213 3.5
93 347 3.5
466 341 3.5
739 437 2.5
407 132 4.5
556 320 4.5
53 321 3.5
715 147 2.5
214 196 2.5
132 341 4.5
273 141 3.5
22 259 3.5
10 80 2.5
30 106 4.5
267 81 3.5
91 271 3.5
306 376 2.5
363 191 3.5
483 286 2.5
603 433 3.5
141 260 3.5
212 125 4.5
1129 134 4.5
1003 70 4.5
112 304 3.5
426 137 4.5
74 329 3.5
396 95 4.5
105 67 3.5
90 293 3.5
65 186 4.5
128 44 4.5
454 29 2.5
106 112 2.5
220 301 2.5
555 235 3.5
339 154 4.5
569 189 2.5
207 317 4.5
115 2 2.5
720 104 3.5
799 82 4.5
601 172 3.5
718 49 4.5
75 229 3.5
775 211 2.5
306 394 4.5
880 82 4.5
128 118 3.5
212 160 4.5
566 424 2.5
180 289 2.5
496 38 4.5
65 691 4.5
993 58 3.5
882 264 4.5
11 145 4.5
136 204 4.5
387 93 4.5
374 32 0.5
10 326 3.5
322 437 1.5
3 264 4.5
422 93 4.5
661 367 4.5
285 309 4.5
621 77 4.5
362 160 4.5
630 25 4.5
673 433 3.5
228 257 3.5
96 79 4.5
204 82 1.5
143 162 2.5
882 79 2.5
58 44 3.5
482 148 2.5
363 399 4.5
310 23 4.5
153 691 3.5
1153 157 4.5
566 203 3.5
39 148 3.5
619 138 4.5
559 261 4.5
252 73 4.5
339 254 4.5
254 182 4.5
289 430 4.5
1060 198 2.5
829 241 2.5
124 161 4.5
13 286 2.5
295 95 2.5
300 80 3.5
54 516 2.5
105 331 4.5
926 219 4.5
65 244 1.5
354 113 4.5
603 437 1.5
12 163 4.5
714 237 4.5
483 75 1.5
253 304 4.5
261 235 1.5
258 52 3.5
855 43 2.5
330 79 3.5
649 7 4.5
142 317 4.5
301 314 4.5
556 63 3.5
454 111 4.5
275 53 4.5
157 310 0.5
204 9 3.5
464 297 1.5
359 77 3.5
339 442 1.5
39 99 2.5
430 139 2.5
88 55 1.5
473 111 3.5
589 162 3.5
1153 47 4.5
114 286 4.5
509 53 4.5
309 167 4.5
175 365 4.5
502 47 4.5
100 333 4.5
513 366 1.5
105 326 3.5
651 289 3.5
432 414 1.5
176 36 4.5
176 301 4.5
383 378 4.5
360 383 2.5
194 430 2.5
467 303 3.5
628 375 0.5
573 374 2.5
146 691 4.5
39 260 4.5
720 241 0.5
41 351 3.5
407 121 4.5
714 55 3.5
900 33 4.5
214 169 4.5
746 465 4.5
483 375 2.5
227 207 4.5
384 70 3.5
589 82 1.5
387 402 0.5
144 124 3.5
252 52 3.5
217 326 3.5
426 257 3.5
206 153 2.5
289 58 3.5
193 167 3.5
35 52 0.5
192 301 3.5
39 284 2.5
762 190 3.5
180 96 3.5
16 259 3.5
437 313 4.5
42 61 4.5
122 388 2.5
314 35 2.5
387 162 2.5
269 272 2.5
493 226 4.5
648 470 4.5
112 42 3.5
1129 161 2.5
463 156 3.5
69 163 4.5
513 19 1.5
387 272 2.5
287 272 3.5
388 48 2.5
76 277 4.5
114 138 3.5
651 316 4.5
651 132 2.5
220 23 3.5
354 105 3.5
76 178 4.5
860 139 4.5
53 271 2.5
292 215 2.5
645 219 4.5
